{
 "cells": [
  {
   "cell_type": "markdown",
   "metadata": {},
   "source": [
    "# Multiple Linear Regression in Python\n",
    "Use the following code to import the California housing prices dataset and linear models in python. The dataset is taken from https://www.kaggle.com/camnugent/california-housing-prices/version/1. I have removed the categorical variables and rows with missing variables to make it easire to run the models. "
   ]
  },
  {
   "cell_type": "code",
   "execution_count": 1,
   "metadata": {},
   "outputs": [],
   "source": [
    "from sklearn import linear_model\n",
    "from sklearn.metrics import mean_absolute_error\n",
    "import numpy as np\n",
    "import pandas as pd\n",
    "pd.options.mode.chained_assignment = None\n",
    "\n",
    "\n",
    "train_df = pd.read_csv(\"reduced_data.csv\")\n",
    "X = train_df.drop(['median_house_value'],axis=1)\n",
    "Y = train_df['median_house_value']"
   ]
  },
  {
   "cell_type": "markdown",
   "metadata": {},
   "source": [
    "Print the shape (number of rows and columns) of the feature matrix X, and print the first 5 rows"
   ]
  },
  {
   "cell_type": "code",
   "execution_count": 2,
   "metadata": {},
   "outputs": [
    {
     "name": "stdout",
     "output_type": "stream",
     "text": [
      "(20433, 8)\n",
      "   longitude  latitude  housing_median_age  total_rooms  total_bedrooms  \\\n",
      "0    -122.23     37.88                41.0        880.0           129.0   \n",
      "1    -122.22     37.86                21.0       7099.0          1106.0   \n",
      "2    -122.24     37.85                52.0       1467.0           190.0   \n",
      "3    -122.25     37.85                52.0       1274.0           235.0   \n",
      "4    -122.25     37.85                52.0       1627.0           280.0   \n",
      "\n",
      "   population  households  median_income  \n",
      "0       322.0       126.0         8.3252  \n",
      "1      2401.0      1138.0         8.3014  \n",
      "2       496.0       177.0         7.2574  \n",
      "3       558.0       219.0         5.6431  \n",
      "4       565.0       259.0         3.8462  \n"
     ]
    }
   ],
   "source": [
    "print(X.shape)\n",
    "print(X[:5])"
   ]
  },
  {
   "cell_type": "markdown",
   "metadata": {},
   "source": [
    "Using ordinary least squares, fit a multiple linear regression (MLR) on all the feature variables using the entire dataset. Report the regression coefficient of each input feature and evaluate the model using mean absolute error (MAE). Example of ordinary least squares in Python is shown in Section 1.1.1 of http://scikit-learn.org/stable/modules/linear_model.html."
   ]
  },
  {
   "cell_type": "code",
   "execution_count": 3,
   "metadata": {},
   "outputs": [
    {
     "name": "stdout",
     "output_type": "stream",
     "text": [
      "Intercept:  -3585395.747892478\n",
      "Coef:  [-4.27301205e+04 -4.25097369e+04  1.15790031e+03 -8.24972507e+00\n",
      "  1.13820707e+02 -3.83855780e+01  4.77013513e+01  4.02975217e+04]\n",
      "MAE:  50799.6307289529\n"
     ]
    }
   ],
   "source": [
    "clf = linear_model.LinearRegression()\n",
    "clf.fit(X, Y)\n",
    "\n",
    "# print intercept and coefficients\n",
    "print('Intercept: ', clf.intercept_)\n",
    "print('Coef: ', clf.coef_)\n",
    "\n",
    "predictions = clf.predict(X)\n",
    "\n",
    "mae = mean_absolute_error(Y, predictions)\n",
    "print('MAE: ', mae)"
   ]
  },
  {
   "cell_type": "markdown",
   "metadata": {},
   "source": [
    "Split the data into a training set and a test set, using the train_test_split with test_size = 0.30 and random_state = 11. Fit an MLR using the training set. Evaluate the trained model using the training set and the test set, respectively. Compare the two MAE values thus obtained."
   ]
  },
  {
   "cell_type": "code",
   "execution_count": 4,
   "metadata": {},
   "outputs": [
    {
     "name": "stdout",
     "output_type": "stream",
     "text": [
      "MAE train:  50749.10314465295\n",
      "MAE test:  50916.74299435109\n"
     ]
    }
   ],
   "source": [
    "from sklearn.model_selection import train_test_split\n",
    "\n",
    "X_train, X_test, Y_train, Y_test = train_test_split(X,Y,test_size=0.30, random_state=11)\n",
    "\n",
    "clf_train = linear_model.LinearRegression()\n",
    "clf_train.fit(X_train, Y_train)\n",
    "predictions_train = clf_train.predict(X_train)\n",
    "mae_train = mean_absolute_error(Y_train, predictions_train)\n",
    "print('MAE train: ', mae_train)\n",
    "predictions_test = clf_train.predict(X_test)\n",
    "mae_test = mean_absolute_error(Y_test, predictions_test)\n",
    "print('MAE test: ', mae_test)"
   ]
  },
  {
   "cell_type": "markdown",
   "metadata": {},
   "source": [
    "Calculate the pearson correlation matrix of the independent variables in the training set. Report the variables which have magnitude of correlation greater than 0.9 w.r.t the variable 'households'."
   ]
  },
  {
   "cell_type": "code",
   "execution_count": 5,
   "metadata": {},
   "outputs": [
    {
     "data": {
      "text/html": [
       "<div>\n",
       "<style scoped>\n",
       "    .dataframe tbody tr th:only-of-type {\n",
       "        vertical-align: middle;\n",
       "    }\n",
       "\n",
       "    .dataframe tbody tr th {\n",
       "        vertical-align: top;\n",
       "    }\n",
       "\n",
       "    .dataframe thead th {\n",
       "        text-align: right;\n",
       "    }\n",
       "</style>\n",
       "<table border=\"1\" class=\"dataframe\">\n",
       "  <thead>\n",
       "    <tr style=\"text-align: right;\">\n",
       "      <th></th>\n",
       "      <th>longitude</th>\n",
       "      <th>latitude</th>\n",
       "      <th>housing_median_age</th>\n",
       "      <th>total_rooms</th>\n",
       "      <th>total_bedrooms</th>\n",
       "      <th>population</th>\n",
       "      <th>households</th>\n",
       "      <th>median_income</th>\n",
       "    </tr>\n",
       "  </thead>\n",
       "  <tbody>\n",
       "    <tr>\n",
       "      <th>longitude</th>\n",
       "      <td>1.000000</td>\n",
       "      <td>-0.925627</td>\n",
       "      <td>-0.111272</td>\n",
       "      <td>0.042788</td>\n",
       "      <td>0.069305</td>\n",
       "      <td>0.101596</td>\n",
       "      <td>0.056116</td>\n",
       "      <td>-0.020466</td>\n",
       "    </tr>\n",
       "    <tr>\n",
       "      <th>latitude</th>\n",
       "      <td>-0.925627</td>\n",
       "      <td>1.000000</td>\n",
       "      <td>0.013098</td>\n",
       "      <td>-0.034147</td>\n",
       "      <td>-0.066424</td>\n",
       "      <td>-0.109600</td>\n",
       "      <td>-0.070537</td>\n",
       "      <td>-0.074943</td>\n",
       "    </tr>\n",
       "    <tr>\n",
       "      <th>housing_median_age</th>\n",
       "      <td>-0.111272</td>\n",
       "      <td>0.013098</td>\n",
       "      <td>1.000000</td>\n",
       "      <td>-0.356534</td>\n",
       "      <td>-0.316644</td>\n",
       "      <td>-0.294652</td>\n",
       "      <td>-0.298702</td>\n",
       "      <td>-0.115736</td>\n",
       "    </tr>\n",
       "    <tr>\n",
       "      <th>total_rooms</th>\n",
       "      <td>0.042788</td>\n",
       "      <td>-0.034147</td>\n",
       "      <td>-0.356534</td>\n",
       "      <td>1.000000</td>\n",
       "      <td>0.927454</td>\n",
       "      <td>0.859323</td>\n",
       "      <td>0.916556</td>\n",
       "      <td>0.198486</td>\n",
       "    </tr>\n",
       "    <tr>\n",
       "      <th>total_bedrooms</th>\n",
       "      <td>0.069305</td>\n",
       "      <td>-0.066424</td>\n",
       "      <td>-0.316644</td>\n",
       "      <td>0.927454</td>\n",
       "      <td>1.000000</td>\n",
       "      <td>0.880929</td>\n",
       "      <td>0.979547</td>\n",
       "      <td>-0.013082</td>\n",
       "    </tr>\n",
       "    <tr>\n",
       "      <th>population</th>\n",
       "      <td>0.101596</td>\n",
       "      <td>-0.109600</td>\n",
       "      <td>-0.294652</td>\n",
       "      <td>0.859323</td>\n",
       "      <td>0.880929</td>\n",
       "      <td>1.000000</td>\n",
       "      <td>0.910283</td>\n",
       "      <td>-0.001523</td>\n",
       "    </tr>\n",
       "    <tr>\n",
       "      <th>households</th>\n",
       "      <td>0.056116</td>\n",
       "      <td>-0.070537</td>\n",
       "      <td>-0.298702</td>\n",
       "      <td>0.916556</td>\n",
       "      <td>0.979547</td>\n",
       "      <td>0.910283</td>\n",
       "      <td>1.000000</td>\n",
       "      <td>0.008033</td>\n",
       "    </tr>\n",
       "    <tr>\n",
       "      <th>median_income</th>\n",
       "      <td>-0.020466</td>\n",
       "      <td>-0.074943</td>\n",
       "      <td>-0.115736</td>\n",
       "      <td>0.198486</td>\n",
       "      <td>-0.013082</td>\n",
       "      <td>-0.001523</td>\n",
       "      <td>0.008033</td>\n",
       "      <td>1.000000</td>\n",
       "    </tr>\n",
       "  </tbody>\n",
       "</table>\n",
       "</div>"
      ],
      "text/plain": [
       "                    longitude  latitude  housing_median_age  total_rooms  \\\n",
       "longitude            1.000000 -0.925627           -0.111272     0.042788   \n",
       "latitude            -0.925627  1.000000            0.013098    -0.034147   \n",
       "housing_median_age  -0.111272  0.013098            1.000000    -0.356534   \n",
       "total_rooms          0.042788 -0.034147           -0.356534     1.000000   \n",
       "total_bedrooms       0.069305 -0.066424           -0.316644     0.927454   \n",
       "population           0.101596 -0.109600           -0.294652     0.859323   \n",
       "households           0.056116 -0.070537           -0.298702     0.916556   \n",
       "median_income       -0.020466 -0.074943           -0.115736     0.198486   \n",
       "\n",
       "                    total_bedrooms  population  households  median_income  \n",
       "longitude                 0.069305    0.101596    0.056116      -0.020466  \n",
       "latitude                 -0.066424   -0.109600   -0.070537      -0.074943  \n",
       "housing_median_age       -0.316644   -0.294652   -0.298702      -0.115736  \n",
       "total_rooms               0.927454    0.859323    0.916556       0.198486  \n",
       "total_bedrooms            1.000000    0.880929    0.979547      -0.013082  \n",
       "population                0.880929    1.000000    0.910283      -0.001523  \n",
       "households                0.979547    0.910283    1.000000       0.008033  \n",
       "median_income            -0.013082   -0.001523    0.008033       1.000000  "
      ]
     },
     "execution_count": 5,
     "metadata": {},
     "output_type": "execute_result"
    }
   ],
   "source": [
    "X_train.corr()"
   ]
  },
  {
   "cell_type": "markdown",
   "metadata": {},
   "source": [
    "Independent variables having correlation greater than 0.9 w.r.t 'households': \n",
    "1. Total_rooms\n",
    "2. Total_bedrooms\n",
    "3. Population"
   ]
  },
  {
   "cell_type": "markdown",
   "metadata": {},
   "source": [
    "Add the following independent variables to both train and test sets:\n",
    "1. average_bedrooms = total_bedrooms/households\n",
    "2. average_rooms = total_rooms/households\n",
    "3. average_population = population/households\n",
    "\n",
    "Recalculate the correlation matrix."
   ]
  },
  {
   "cell_type": "code",
   "execution_count": 6,
   "metadata": {},
   "outputs": [
    {
     "data": {
      "text/html": [
       "<div>\n",
       "<style scoped>\n",
       "    .dataframe tbody tr th:only-of-type {\n",
       "        vertical-align: middle;\n",
       "    }\n",
       "\n",
       "    .dataframe tbody tr th {\n",
       "        vertical-align: top;\n",
       "    }\n",
       "\n",
       "    .dataframe thead th {\n",
       "        text-align: right;\n",
       "    }\n",
       "</style>\n",
       "<table border=\"1\" class=\"dataframe\">\n",
       "  <thead>\n",
       "    <tr style=\"text-align: right;\">\n",
       "      <th></th>\n",
       "      <th>longitude</th>\n",
       "      <th>latitude</th>\n",
       "      <th>housing_median_age</th>\n",
       "      <th>total_rooms</th>\n",
       "      <th>total_bedrooms</th>\n",
       "      <th>population</th>\n",
       "      <th>households</th>\n",
       "      <th>median_income</th>\n",
       "      <th>avg_bedrooms</th>\n",
       "      <th>avg_rooms</th>\n",
       "      <th>avg_population</th>\n",
       "    </tr>\n",
       "  </thead>\n",
       "  <tbody>\n",
       "    <tr>\n",
       "      <th>longitude</th>\n",
       "      <td>1.000000</td>\n",
       "      <td>-0.925627</td>\n",
       "      <td>-0.111272</td>\n",
       "      <td>0.042788</td>\n",
       "      <td>0.069305</td>\n",
       "      <td>0.101596</td>\n",
       "      <td>0.056116</td>\n",
       "      <td>-0.020466</td>\n",
       "      <td>0.017548</td>\n",
       "      <td>-0.027099</td>\n",
       "      <td>0.011811</td>\n",
       "    </tr>\n",
       "    <tr>\n",
       "      <th>latitude</th>\n",
       "      <td>-0.925627</td>\n",
       "      <td>1.000000</td>\n",
       "      <td>0.013098</td>\n",
       "      <td>-0.034147</td>\n",
       "      <td>-0.066424</td>\n",
       "      <td>-0.109600</td>\n",
       "      <td>-0.070537</td>\n",
       "      <td>-0.074943</td>\n",
       "      <td>0.062059</td>\n",
       "      <td>0.104294</td>\n",
       "      <td>-0.002330</td>\n",
       "    </tr>\n",
       "    <tr>\n",
       "      <th>housing_median_age</th>\n",
       "      <td>-0.111272</td>\n",
       "      <td>0.013098</td>\n",
       "      <td>1.000000</td>\n",
       "      <td>-0.356534</td>\n",
       "      <td>-0.316644</td>\n",
       "      <td>-0.294652</td>\n",
       "      <td>-0.298702</td>\n",
       "      <td>-0.115736</td>\n",
       "      <td>-0.077163</td>\n",
       "      <td>-0.158539</td>\n",
       "      <td>0.012569</td>\n",
       "    </tr>\n",
       "    <tr>\n",
       "      <th>total_rooms</th>\n",
       "      <td>0.042788</td>\n",
       "      <td>-0.034147</td>\n",
       "      <td>-0.356534</td>\n",
       "      <td>1.000000</td>\n",
       "      <td>0.927454</td>\n",
       "      <td>0.859323</td>\n",
       "      <td>0.916556</td>\n",
       "      <td>0.198486</td>\n",
       "      <td>0.036170</td>\n",
       "      <td>0.146227</td>\n",
       "      <td>-0.031031</td>\n",
       "    </tr>\n",
       "    <tr>\n",
       "      <th>total_bedrooms</th>\n",
       "      <td>0.069305</td>\n",
       "      <td>-0.066424</td>\n",
       "      <td>-0.316644</td>\n",
       "      <td>0.927454</td>\n",
       "      <td>1.000000</td>\n",
       "      <td>0.880929</td>\n",
       "      <td>0.979547</td>\n",
       "      <td>-0.013082</td>\n",
       "      <td>0.054525</td>\n",
       "      <td>0.004237</td>\n",
       "      <td>-0.036556</td>\n",
       "    </tr>\n",
       "    <tr>\n",
       "      <th>population</th>\n",
       "      <td>0.101596</td>\n",
       "      <td>-0.109600</td>\n",
       "      <td>-0.294652</td>\n",
       "      <td>0.859323</td>\n",
       "      <td>0.880929</td>\n",
       "      <td>1.000000</td>\n",
       "      <td>0.910283</td>\n",
       "      <td>-0.001523</td>\n",
       "      <td>-0.062026</td>\n",
       "      <td>-0.072951</td>\n",
       "      <td>0.077684</td>\n",
       "    </tr>\n",
       "    <tr>\n",
       "      <th>households</th>\n",
       "      <td>0.056116</td>\n",
       "      <td>-0.070537</td>\n",
       "      <td>-0.298702</td>\n",
       "      <td>0.916556</td>\n",
       "      <td>0.979547</td>\n",
       "      <td>0.910283</td>\n",
       "      <td>1.000000</td>\n",
       "      <td>0.008033</td>\n",
       "      <td>-0.050050</td>\n",
       "      <td>-0.081950</td>\n",
       "      <td>-0.034892</td>\n",
       "    </tr>\n",
       "    <tr>\n",
       "      <th>median_income</th>\n",
       "      <td>-0.020466</td>\n",
       "      <td>-0.074943</td>\n",
       "      <td>-0.115736</td>\n",
       "      <td>0.198486</td>\n",
       "      <td>-0.013082</td>\n",
       "      <td>-0.001523</td>\n",
       "      <td>0.008033</td>\n",
       "      <td>1.000000</td>\n",
       "      <td>-0.059447</td>\n",
       "      <td>0.350785</td>\n",
       "      <td>0.000417</td>\n",
       "    </tr>\n",
       "    <tr>\n",
       "      <th>avg_bedrooms</th>\n",
       "      <td>0.017548</td>\n",
       "      <td>0.062059</td>\n",
       "      <td>-0.077163</td>\n",
       "      <td>0.036170</td>\n",
       "      <td>0.054525</td>\n",
       "      <td>-0.062026</td>\n",
       "      <td>-0.050050</td>\n",
       "      <td>-0.059447</td>\n",
       "      <td>1.000000</td>\n",
       "      <td>0.833841</td>\n",
       "      <td>-0.002194</td>\n",
       "    </tr>\n",
       "    <tr>\n",
       "      <th>avg_rooms</th>\n",
       "      <td>-0.027099</td>\n",
       "      <td>0.104294</td>\n",
       "      <td>-0.158539</td>\n",
       "      <td>0.146227</td>\n",
       "      <td>0.004237</td>\n",
       "      <td>-0.072951</td>\n",
       "      <td>-0.081950</td>\n",
       "      <td>0.350785</td>\n",
       "      <td>0.833841</td>\n",
       "      <td>1.000000</td>\n",
       "      <td>0.003475</td>\n",
       "    </tr>\n",
       "    <tr>\n",
       "      <th>avg_population</th>\n",
       "      <td>0.011811</td>\n",
       "      <td>-0.002330</td>\n",
       "      <td>0.012569</td>\n",
       "      <td>-0.031031</td>\n",
       "      <td>-0.036556</td>\n",
       "      <td>0.077684</td>\n",
       "      <td>-0.034892</td>\n",
       "      <td>0.000417</td>\n",
       "      <td>-0.002194</td>\n",
       "      <td>0.003475</td>\n",
       "      <td>1.000000</td>\n",
       "    </tr>\n",
       "  </tbody>\n",
       "</table>\n",
       "</div>"
      ],
      "text/plain": [
       "                    longitude  latitude  housing_median_age  total_rooms  \\\n",
       "longitude            1.000000 -0.925627           -0.111272     0.042788   \n",
       "latitude            -0.925627  1.000000            0.013098    -0.034147   \n",
       "housing_median_age  -0.111272  0.013098            1.000000    -0.356534   \n",
       "total_rooms          0.042788 -0.034147           -0.356534     1.000000   \n",
       "total_bedrooms       0.069305 -0.066424           -0.316644     0.927454   \n",
       "population           0.101596 -0.109600           -0.294652     0.859323   \n",
       "households           0.056116 -0.070537           -0.298702     0.916556   \n",
       "median_income       -0.020466 -0.074943           -0.115736     0.198486   \n",
       "avg_bedrooms         0.017548  0.062059           -0.077163     0.036170   \n",
       "avg_rooms           -0.027099  0.104294           -0.158539     0.146227   \n",
       "avg_population       0.011811 -0.002330            0.012569    -0.031031   \n",
       "\n",
       "                    total_bedrooms  population  households  median_income  \\\n",
       "longitude                 0.069305    0.101596    0.056116      -0.020466   \n",
       "latitude                 -0.066424   -0.109600   -0.070537      -0.074943   \n",
       "housing_median_age       -0.316644   -0.294652   -0.298702      -0.115736   \n",
       "total_rooms               0.927454    0.859323    0.916556       0.198486   \n",
       "total_bedrooms            1.000000    0.880929    0.979547      -0.013082   \n",
       "population                0.880929    1.000000    0.910283      -0.001523   \n",
       "households                0.979547    0.910283    1.000000       0.008033   \n",
       "median_income            -0.013082   -0.001523    0.008033       1.000000   \n",
       "avg_bedrooms              0.054525   -0.062026   -0.050050      -0.059447   \n",
       "avg_rooms                 0.004237   -0.072951   -0.081950       0.350785   \n",
       "avg_population           -0.036556    0.077684   -0.034892       0.000417   \n",
       "\n",
       "                    avg_bedrooms  avg_rooms  avg_population  \n",
       "longitude               0.017548  -0.027099        0.011811  \n",
       "latitude                0.062059   0.104294       -0.002330  \n",
       "housing_median_age     -0.077163  -0.158539        0.012569  \n",
       "total_rooms             0.036170   0.146227       -0.031031  \n",
       "total_bedrooms          0.054525   0.004237       -0.036556  \n",
       "population             -0.062026  -0.072951        0.077684  \n",
       "households             -0.050050  -0.081950       -0.034892  \n",
       "median_income          -0.059447   0.350785        0.000417  \n",
       "avg_bedrooms            1.000000   0.833841       -0.002194  \n",
       "avg_rooms               0.833841   1.000000        0.003475  \n",
       "avg_population         -0.002194   0.003475        1.000000  "
      ]
     },
     "execution_count": 6,
     "metadata": {},
     "output_type": "execute_result"
    }
   ],
   "source": [
    "X_train['avg_bedrooms'] = X_train['total_bedrooms']/X_train['households']\n",
    "X_train['avg_rooms'] = X_train['total_rooms']/X_train['households']\n",
    "X_train['avg_population'] = X_train['population']/X_train['households']\n",
    "\n",
    "X_test['avg_bedrooms'] = X_test['total_bedrooms']/X_test['households']\n",
    "X_test['avg_rooms'] = X_test['total_rooms']/X_test['households']\n",
    "X_test['avg_population'] = X_test['population']/X_test['households']\n",
    "\n",
    "X_train.corr()"
   ]
  },
  {
   "cell_type": "markdown",
   "metadata": {},
   "source": [
    "The new variables have a low correlation with the 'households' variable."
   ]
  },
  {
   "cell_type": "markdown",
   "metadata": {},
   "source": [
    "Fit an MLR on the new train data (with additional independent variables) and report the MAE on the new train and test sets."
   ]
  },
  {
   "cell_type": "code",
   "execution_count": 7,
   "metadata": {},
   "outputs": [
    {
     "name": "stdout",
     "output_type": "stream",
     "text": [
      "MAE train:  50474.268791457886\n",
      "MAE test:  50783.974603927876\n"
     ]
    }
   ],
   "source": [
    "clf_train = linear_model.LinearRegression()\n",
    "clf_train.fit(X_train, Y_train)\n",
    "predictions_train = clf_train.predict(X_train)\n",
    "mae_train = mean_absolute_error(Y_train, predictions_train)\n",
    "print('MAE train: ', mae_train)\n",
    "predictions_test = clf_train.predict(X_test)\n",
    "mae_test = mean_absolute_error(Y_test, predictions_test)\n",
    "print('MAE test: ', mae_test)"
   ]
  }
 ],
 "metadata": {
  "kernelspec": {
   "display_name": "Python 3",
   "language": "python",
   "name": "python3"
  },
  "language_info": {
   "codemirror_mode": {
    "name": "ipython",
    "version": 3
   },
   "file_extension": ".py",
   "mimetype": "text/x-python",
   "name": "python",
   "nbconvert_exporter": "python",
   "pygments_lexer": "ipython3",
   "version": "3.7.3"
  }
 },
 "nbformat": 4,
 "nbformat_minor": 2
}
